   2.0000000e+00  -1.3993137e+00   2.6836767e-01  -1.2456332e+00  -1.4955748e+00  -2.3963214e-01  -4.9439299e-01  -1.1229242e+00  -1.2104369e+00  -7.7691765e-01   9.1910663e-01
   2.0000000e+00   2.2091951e-02   5.3941097e-01  -1.0918795e+00  -4.5654396e-01  -2.2867263e-01   1.3008588e+00   1.6130308e-01  -6.5033602e-01   2.4081422e-01  -7.6824549e-01
   2.0000000e+00   1.4091099e+00   3.7181536e-01  -6.8500143e-01   2.6360951e-01   8.1093545e-01   1.1430539e+00   1.2697705e+00  -3.3486235e-01  -2.7648339e-01   7.6238557e-01
   2.0000000e+00   5.4103534e-01  -1.3592133e-01   8.4605797e-01  -9.8997138e-01  -2.0071250e-01  -4.3643525e-01  -1.0688347e+00  -1.0023832e+00  -1.5604158e+00   8.1665247e-01
   2.0000000e+00  -8.7689040e-02  -7.3207977e-01  -1.0704332e+00  -1.8916996e-01  -2.3008894e-01  -1.3112510e+00  -2.3633415e+00   1.4063631e+00   2.8071919e+00   1.7407534e+00
   2.0000000e+00   1.8621998e+00  -1.0398630e+00  -3.3940111e-01  -5.0097148e-01   5.7236896e-01  -1.8979880e+00   4.5871763e-01   1.3622425e+00   1.0689270e-01  -1.5121332e+00
   2.0000000e+00   1.2182095e+00   3.5877599e-01   9.6094884e-01   9.2236220e-01   1.0061775e-01   3.9026657e-01  -8.1529254e-01   5.8051336e-01  -8.7392569e-01  -9.6039590e-02
   2.0000000e+00  -6.5020439e-02   1.4908841e+00   1.1303832e-01  -3.8689613e-02   2.7342374e-01  -1.1486612e+00  -2.0697576e+00  -4.9516213e-01  -9.1473574e-02   4.2960017e-01
   2.0000000e+00   5.5979623e-01   1.0662255e+00  -1.8061171e-02   8.8476111e-01   7.2361937e-01  -3.9682262e-01  -1.1315123e+00  -3.0013453e-01  -1.9016797e+00  -8.1954119e-01
   2.0000000e+00  -6.1816525e-01  -2.0156192e-01  -1.0157725e+00  -1.4028037e+00   3.9700261e-01  -1.5547588e+00   1.1943829e-01   1.0442428e+00   4.3496944e-01   5.8483538e-01
   2.0000000e+00   2.3975738e-01   2.0683875e-01  -7.4697693e-01  -1.9848139e+00   1.4415476e-01  -2.0682462e-01  -8.1871269e-01   3.6873450e-01   7.2062704e-01   5.8327747e-01
   1.0000000e+00  -5.1264927e-01   8.5231861e-01   7.9754260e-01  -8.1524504e-01  -8.0453420e-01   3.1587419e-01  -3.2607926e-01   1.1902255e+00   1.1993395e+00  -9.1166720e-01
   2.0000000e+00   3.2620871e-01   2.5012133e-01  -8.8174798e-01  -1.2510296e-01   3.5136504e-01   1.3981860e+00  -1.0487162e+00  -1.0068879e+00  -1.6351602e+00   1.5047370e+00
   2.0000000e+00   2.1634171e-01  -1.7229379e+00  -1.4770412e+00  -7.6603570e-01   6.6468344e-01   1.4803837e+00   7.1943038e-01  -1.3801583e+00   2.9558420e-01  -8.1093446e-01
   2.0000000e+00  -1.1727093e+00  -7.2881627e-01   2.3996782e+00   8.1849799e-01   3.3515220e-01  -8.0402587e-01  -9.3830365e-01  -2.5802799e-01   1.1766897e+00  -6.6862841e-01
   2.0000000e+00   7.3395640e-01  -5.4013590e-02  -1.3945340e+00   3.1957135e-01  -4.7869076e-02  -6.2197392e-01   2.3695729e+00  -1.0215445e+00  -1.3294189e-01  -2.3581309e-01
   2.0000000e+00  -8.8149506e-01   4.7456991e-01   5.4282941e-01   5.9182825e-01   3.8880579e-01   2.7960882e+00   2.9525262e-01   1.9914543e+00   7.5291252e-02   7.7743169e-01
   2.0000000e+00  -3.6034882e-01   4.5480257e-01  -7.9918849e-01  -3.9788486e-01   1.4455027e+00   1.2933860e+00   5.9031346e-01   5.0549990e-01  -3.8358139e-01  -4.5339641e-01
   2.0000000e+00   7.3429035e-01   3.0850396e-01   7.7269111e-01  -1.8814928e+00  -1.9733590e+00  -4.2890616e-01  -9.0092651e-01   1.1807708e+00  -3.6415806e-01  -1.8498115e+00
   2.0000000e+00  -2.2743659e-01  -3.0078691e-01  -2.0516469e+00   7.3176264e-01  -1.3698976e+00  -1.0075673e+00  -3.6659391e-01   2.2105094e-01  -1.0307120e+00   2.1329565e-01
   2.0000000e+00   5.2147859e-01   1.9997676e+00   1.3797947e+00   1.4636730e+00   9.1786875e-01   1.3089359e+00  -1.8583404e+00  -1.0837416e+00  -6.2746528e-01  -7.4638758e-01
   2.0000000e+00   1.2314443e-01  -2.2444389e+00  -2.2767194e+00   1.2811868e+00   1.6554386e-01  -2.8575005e-01   4.4064305e-01   1.8753168e+00   1.1211280e+00  -1.8570816e+00
   1.0000000e+00  -1.9726083e-01   1.6398320e-01  -5.0342377e-01  -9.8616413e-01  -1.1159686e+00   5.0777416e-01  -2.4570450e-01  -4.0395664e-01  -1.2704495e+00  -1.4233409e+00
   2.0000000e+00  -1.7561108e-01  -1.0874102e+00  -9.9324725e-01   1.5769275e+00  -5.3499165e-01   5.7559063e-01   9.3211818e-02  -1.1936968e+00  -1.4936307e+00  -7.7597393e-01
   2.0000000e+00   3.8362933e-01  -5.1407395e-02   7.6824114e-01  -2.7248674e-04   3.3090626e-01  -2.0208659e+00  -2.5694236e-01  -1.8639394e+00   2.6674433e-02   1.2284860e-01
   2.0000000e+00  -1.6558929e+00   4.6660965e-01   6.2265104e-01   9.6486090e-01   1.2339991e+00   7.3198605e-01  -7.0311165e-01   4.4912763e-01   9.2000800e-01   7.9764722e-01
   2.0000000e+00   2.1172356e+00  -2.4609470e-01   1.0975209e+00  -8.6898664e-01  -2.1987856e-01   1.9581229e+00   3.4537641e-01  -3.9471955e-01  -1.1332213e+00   1.8549132e-01
   1.0000000e+00   1.0242861e-01   1.3615043e+00  -1.2671388e-01   3.0915769e-01  -1.7007408e-01   5.8004526e-01  -8.2995114e-01  -1.6729536e+00   3.7034152e-02   4.2341199e-01
   1.0000000e+00   1.1712066e+00  -7.5122287e-02  -1.8152886e-01  -2.3296660e-01   5.3423909e-01   7.4167455e-01   9.7384054e-01  -2.3469931e-01  -1.0588836e-01   2.0493783e-01
   1.0000000e+00  -1.2792928e+00  -7.0502143e-01  -7.2580256e-02   3.1733801e-01   1.4648638e+00   5.7437111e-01  -1.4442605e+00  -1.0912848e+00   9.1648481e-01  -3.8497971e-01
   2.0000000e+00   9.1271909e-01  -1.1247992e+00  -1.2983828e+00   7.7380121e-01  -7.9104874e-02   2.6319440e-01  -4.2767745e-01   2.3787283e+00   9.8842545e-01   1.4573928e+00
   1.0000000e+00   4.0454684e-01   1.0560470e+00  -1.8354200e-02   1.4450912e+00  -6.5979791e-01   7.3098658e-01   5.7490449e-01  -1.0932940e+00   6.9774811e-01   4.6378269e-01
   1.0000000e+00   8.5629950e-02   8.2958994e-01   7.0221313e-01   4.7020314e-01  -8.8264222e-01   6.2165943e-02  -4.6770958e-03   1.1149832e-01  -1.1713491e+00   1.4480438e+00
   2.0000000e+00  -4.1627756e-02   2.3829145e-02   1.5986529e-01   9.7327639e-01   9.6456328e-01  -2.5589845e-01  -5.9158353e-01   5.2750825e-01  -7.2458701e-01  -1.1803178e+00
   2.0000000e+00   1.2513027e+00   1.1763050e-01   9.1801589e-01   2.0681747e-01  -4.4408288e-01  -8.0465617e-01   7.3861095e-01  -1.6990101e-01  -1.0580205e-01   2.7023727e-01
   2.0000000e+00   1.1738715e+00   1.3176576e-01   6.0220221e-01   1.3325619e+00  -8.5533315e-01  -2.4268377e-01   3.8005861e-01  -1.0434230e-01  -1.9058348e+00   2.4980112e-01
   2.0000000e+00   1.6100121e+00  -1.3121902e+00  -1.8836116e-01  -5.9756816e-01   9.2269565e-01  -1.5596379e+00  -3.7181530e-01   7.4986656e-01   2.7329445e+00  -1.4889163e+00
   2.0000000e+00  -1.6112556e+00   4.9680743e-01   1.2184464e+00  -4.3634549e-01   6.7220120e-01   5.3907697e-01   1.3763941e+00   1.0486568e+00  -2.7638525e-01  -2.7499577e-02
   2.0000000e+00  -1.2577377e-01  -8.2253883e-01  -4.3683141e-01  -7.2886549e-01   2.1093625e+00   2.5753341e+00  -9.0765666e-01  -3.5139028e-01  -8.7491492e-01  -8.1535433e-01
   2.0000000e+00  -2.3336539e-01   9.9375160e-01   2.1726475e+00  -8.0951594e-02  -2.6526076e-02   2.2172704e-01   1.3890522e+00   2.8761862e-01  -1.0535034e+00  -1.1948170e+00
   2.0000000e+00  -3.1453317e-01  -8.8744355e-02  -6.3049427e-01   4.7447849e-01  -1.0302797e+00  -9.0682184e-01  -7.5645817e-01   5.2763010e-02   1.4625371e-01  -8.4439484e-01
   1.0000000e+00  -1.2261952e+00   1.5411630e+00  -1.2670555e-01  -8.2117698e-01   4.4252524e-01   1.8239403e-02   1.9381955e-01   1.2717758e+00  -3.9169007e-01   5.7841400e-01
   2.0000000e+00   9.7654079e-01   3.4195316e-01  -5.0235416e-01   4.0231350e-01  -1.2317204e+00   9.1049352e-01   1.0593158e+00  -8.8866125e-01  -1.7416347e+00  -6.0064080e-01
   2.0000000e+00   2.9436747e-01  -7.9856939e-01  -1.1530985e+00   6.5215835e-01  -5.9844957e-01   7.5103857e-01   1.1840795e+00  -2.9068854e-01  -1.8294302e+00  -2.3357227e-01
   1.0000000e+00  -2.5286321e-01   2.0757512e+00  -3.8330732e-01  -4.2109432e-01  -3.1834285e-01   3.1422268e-01   9.6953345e-01  -3.6964630e-01  -3.8943273e-02   1.1363863e+00
   1.0000000e+00  -1.6740566e-01   4.8338376e-01  -5.4342075e-01   5.6553704e-01   7.1874681e-01   1.6202118e-01   6.4315395e-01   1.1823413e+00  -1.8165205e+00   3.3767232e-01
   2.0000000e+00  -1.3886191e+00  -1.1386812e-01  -4.0281133e-01  -3.7638691e-01  -4.5900796e-01   1.1606866e+00  -1.2193671e-02  -1.6725305e+00  -7.7909767e-02   8.6052134e-01
   2.0000000e+00   4.5335785e-01  -1.5079887e+00   5.6552104e-01  -5.7514807e-01  -1.8946154e-01  -1.4386603e+00   5.4673930e-01   3.8775381e-01  -9.0148650e-01   3.7090146e-02
   2.0000000e+00   9.0634635e-01  -1.1949535e+00   2.8072060e-01  -1.3530152e+00   2.0519583e+00   1.2418992e+00   3.8862986e-01   1.6103986e-01  -8.8571047e-01  -1.8866897e+00
   2.0000000e+00   1.2713364e+00   6.8278933e-01  -1.0233877e+00   5.5899797e-01   6.1616824e-01   1.1468116e+00   9.8453932e-02  -1.7942404e+00   9.2823797e-01  -8.0775279e-01
   2.0000000e+00  -1.0358161e+00   6.8870931e-01  -1.6128192e+00  -8.6247284e-01   6.8110271e-02  -1.0376783e+00  -7.3569093e-01   1.3757011e+00  -1.2836607e+00  -6.5500675e-01
   2.0000000e+00  -3.7299291e-01  -1.3662118e-01   1.1080755e+00  -9.0835000e-02   2.0504003e-01  -5.9663621e-01  -2.3187236e-02  -2.8795321e+00  -3.1931800e+00   5.1967945e-01
   2.0000000e+00  -1.5225156e+00  -9.9221512e-02  -8.7281918e-02  -1.0461168e+00  -7.8037881e-02  -9.8201830e-01   1.4881149e+00   1.8532270e+00   5.7243358e-01   7.6574408e-01
   2.0000000e+00   6.2861666e-01  -3.7224140e-01  -4.2067414e-01  -1.5306290e+00   1.0579603e+00  -1.7994470e-01  -3.3332498e-01  -1.3003377e+00   1.6355413e-01  -1.0805880e+00
   2.0000000e+00   2.2738955e-02  -1.5686478e+00  -2.3971797e+00  -1.2634765e+00   5.1741572e-01  -1.0225402e+00   7.0617087e-01  -7.4616252e-01  -1.9189914e+00   2.2725166e-01
   2.0000000e+00  -5.3165859e-01  -1.2858113e+00   1.0356386e+00   1.8568306e+00  -4.0712060e-01  -5.6218549e-02  -1.7802065e+00   2.6610244e-01   4.6650900e-01  -1.3463461e+00
   2.0000000e+00   3.3087757e-01  -1.4676997e-01  -8.9887830e-01  -2.6357551e+00   9.9833151e-01   1.6622379e+00  -2.1932290e-01   2.2059493e+00  -3.3572883e-01  -3.0055435e-01
   2.0000000e+00  -9.0136374e-02   3.6800151e-01  -5.4146103e-01  -1.8951702e-01   1.1894714e-01  -3.7488381e-01  -3.7521659e-01   4.2492120e-01  -9.0370581e-01  -1.6310864e+00
   2.0000000e+00  -1.3301334e-02  -1.2994030e+00  -1.4393413e+00   1.4080122e+00   3.6945872e-01  -3.2304849e-01   2.2079691e+00   8.9829187e-01   2.7111751e-01   1.3892940e+00
   1.0000000e+00  -2.8585931e-01   9.7001991e-02  -2.4262243e-01  -1.2484146e+00   3.9599127e-02   6.6351791e-01  -1.6018658e+00   1.4366955e+00  -7.5795556e-01   1.7246937e+00
   2.0000000e+00  -1.9876433e-01  -4.5727423e-01   2.1526321e+00  -1.6180403e+00  -3.6185179e-01  -1.4505463e+00   9.3038358e-02  -1.7654796e+00  -4.4905076e-01   1.0204641e+00
   2.0000000e+00  -1.7670434e+00  -4.7547897e-01  -1.5879877e+00   3.9783999e-01  -4.7195114e-01  -2.5268689e-01   2.6518071e-01  -1.5102496e+00  -2.0257212e+00   1.5849768e-01
   1.0000000e+00   6.7193685e-01  -8.5225617e-01   6.0621130e-01  -2.3292662e-01   2.9966640e-01   5.0399681e-02  -8.8581155e-01  -7.2826580e-02  -1.0272007e+00  -2.0629106e+00
   2.0000000e+00   6.0099056e-01   1.8394561e-01  -3.9933743e-02  -9.2228088e-01   2.9596112e-01  -7.0176166e-01  -1.0483178e+00  -7.1550020e-01  -2.6293876e+00   8.4533240e-01
   1.0000000e+00  -3.1359085e-02  -4.2567151e-01  -1.4219620e-01   1.7273587e+00   7.0020610e-02   6.8886814e-01   4.0930705e-01  -2.6485127e-01  -3.7430800e-01  -2.0084932e+00
   2.0000000e+00   1.6178597e+00  -2.8181986e-01  -6.3948707e-01   7.2436967e-01   2.3943629e-01  -8.0261312e-01   2.5324868e-01  -7.4755754e-01  -2.6048787e-01  -1.3469575e-01
   1.0000000e+00   1.4300647e-01   2.0333754e+00  -7.7683477e-01  -7.8951657e-01  -1.5113231e+00   5.2791224e-02  -9.5921086e-01   1.5103520e+00  -3.8170106e-01  -1.5846314e+00
   2.0000000e+00   7.7193871e-01   3.7581990e-01  -8.2409827e-01  -4.1874188e-01  -5.5105790e-01  -9.8375409e-01   3.0335056e-01   2.7974782e-01   4.0919566e-01  -4.5868984e-01
   2.0000000e+00  -7.9131996e-02  -5.4417571e-01   1.0388759e+00  -2.6900228e-01   1.7223137e+00   2.7588067e-01  -5.4264935e-01  -9.6073280e-01  -5.9663973e-01   1.2479722e-01
   2.0000000e+00  -4.7565348e-01  -2.2913915e-01   1.1898050e+00  -2.4472525e-01  -7.6069752e-01   2.3681906e-02  -3.1861937e-01   1.2188212e-01  -2.8601408e+00   8.1146745e-01
   2.0000000e+00   1.1172315e+00  -5.0527972e-01  -1.0555278e+00   4.5558341e-01  -1.3554271e+00   1.6046058e-01   1.4111162e-01  -1.6770345e-01  -1.9351947e-01   1.2984636e+00
   2.0000000e+00   2.7721550e-02   1.7131156e-01   2.8278225e-01   1.4226123e-01  -2.8369019e-02  -5.6285504e-02  -1.4665196e+00  -5.2451303e-01   3.9905506e-02   1.9916590e+00
   2.0000000e+00  -1.2549377e+00   1.4619897e-01   1.7863030e+00  -8.8709370e-01  -1.1120251e+00   1.5724093e+00  -4.6673302e-01  -2.1485472e+00  -5.8130397e-03  -8.9318228e-01
   2.0000000e+00   7.5113079e-01   1.3313079e+00  -1.6059675e-01   4.9230060e-01  -1.0075702e+00   8.6623725e-01   1.8856995e+00  -3.6157347e-01  -1.0776748e+00  -1.3055295e+00
   2.0000000e+00   5.4185784e-01  -3.8427634e-01  -2.1065659e-01   5.4594960e-01  -1.2096394e+00  -1.1017126e+00  -8.7898185e-01   2.2134928e-01   1.8409254e+00   5.0826778e-01
   2.0000000e+00   1.6293645e-01   3.3670558e-01   1.5653145e-01  -1.1042211e+00  -4.2483766e-01  -6.3725466e-01   1.0473616e+00  -7.8417451e-01  -3.6367053e-01  -1.8254198e+00
   2.0000000e+00   8.2781514e-01   2.8696216e-01   3.6779213e-02  -8.6857417e-01  -3.5245846e-01  -1.5075395e+00  -1.1173682e+00  -2.7137988e-01  -1.9101295e-01   6.0407950e-01
   2.0000000e+00  -2.0923966e+00  -8.0412751e-02  -9.7245709e-01   1.1319404e+00  -5.2920169e-01   7.7673838e-01   8.6762059e-01   6.9005753e-01  -7.2869115e-01   2.2444159e+00
   2.0000000e+00  -2.4138155e-01  -2.1779156e+00   7.8083654e-01  -5.0915530e-01  -2.0446689e-01   1.3390487e+00  -2.0178808e-01  -3.8584701e-02   8.2244924e-01   1.1643952e-01
   2.0000000e+00   5.5764500e-01   1.1232113e+00  -6.0819582e-01   1.7125093e+00   1.0539395e+00   1.4065222e+00   6.7847378e-01   1.7671552e-01   4.8404444e-02  -7.8868397e-01
   2.0000000e+00   8.4329950e-01   2.1717169e+00  -1.3794885e+00  -3.2792506e-01  -1.1561570e+00  -1.6155633e-01  -6.5055737e-01  -3.5003713e-01  -9.2061536e-01   1.4428238e-01
   2.0000000e+00   5.1894378e-01   2.0152966e+00  -1.4321786e+00  -1.4720713e-01   2.4702371e+00  -1.6569929e+00  -1.7475859e+00   9.6405369e-01   9.5353938e-01  -2.9951540e+00
   2.0000000e+00   6.1134088e-01  -8.5414835e-01   3.7478077e-01  -5.0392231e-01   3.6375905e-01   1.9443328e+00   4.8128944e-01   2.4712964e-01  -2.1761824e+00   9.4353409e-01
   2.0000000e+00   4.5354244e-01   2.1454726e-01   2.6075459e-01   6.4621654e-01  -1.5383452e+00  -1.5696443e+00  -7.0716376e-01   8.6013579e-01  -1.5615079e+00  -2.4935031e-01
   1.0000000e+00  -1.4406000e+00  -7.1679137e-01   4.4443924e-01   2.9874253e-01   8.1641906e-01   1.0205713e-01   1.3624629e+00   1.1435848e+00  -1.3205600e+00   1.6481979e+00
   2.0000000e+00  -1.3884942e+00  -5.5626495e-01  -4.4902313e-01  -3.2820302e-01   1.2238965e-01  -3.2084711e-01   2.4373451e-01  -2.2333628e+00   2.6373368e-02  -2.1048080e-01
   2.0000000e+00   1.0732991e+00   1.1540956e+00  -1.7746493e-01  -1.8072861e-01  -2.5949473e-01  -4.7289684e-01  -9.0908139e-01  -5.8928634e-01  -4.2628052e-01   8.5540513e-02
   1.0000000e+00   5.1283547e-01  -8.1195409e-01  -3.8663092e-01   6.9384684e-01   1.1764785e+00   6.1763265e-01   7.3744862e-01   6.1237850e-02  -1.9779509e+00   2.7188249e+00
   2.0000000e+00  -4.3705316e-01   3.9269565e-01  -5.6984652e-01   6.1518423e-01   1.7615276e+00  -8.1819500e-01  -2.0167852e-01  -9.6800678e-02  -4.0939974e-02  -1.8496817e+00
   2.0000000e+00   1.0345312e+00   8.8599723e-02  -8.5711413e-01  -1.0388681e+00  -4.9862765e-01   5.3433554e-01   4.6659662e-01   2.1225511e-01   2.3916059e+00  -1.8171738e+00
   2.0000000e+00  -1.2506612e+00   1.2933386e+00   2.1982124e-01   1.5306994e+00  -5.3287920e-02   1.1086787e+00   1.2549001e+00   4.8234012e-01   2.0434087e+00  -6.5208532e-01
   2.0000000e+00  -1.6223358e+00   1.7682971e+00  -1.0899083e+00   2.3975080e-01   1.1678681e+00   7.6951538e-01  -1.3919662e+00   1.3630494e+00   6.4688282e-01  -3.3260950e-02
   2.0000000e+00   2.4604415e-02   1.8980298e+00  -1.0547726e+00  -1.1712432e+00   7.4493539e-01   5.3290996e-01  -6.4371428e-01  -1.2029794e-01   2.7160977e-01   4.7230584e-01
   2.0000000e+00   4.4515055e-01  -6.9636737e-02   4.9165693e-01   1.3155319e+00   2.5300911e+00  -4.5120562e-01  -5.9048349e-03   2.7214169e-03  -6.4713168e-01   8.2644722e-01
   2.0000000e+00  -6.6184250e-01  -1.5805458e-01   1.0323633e+00  -3.9149227e-01  -1.0195410e+00  -1.7520371e-01  -3.1944444e-01   1.6203732e-02  -8.1059832e-01   6.3926228e-01
   2.0000000e+00  -8.6037483e-01   3.9216150e-01  -2.8559756e-01   1.2011330e-02   2.2581134e-01  -1.2456198e+00  -2.4067374e-01   3.0164983e-01  -8.6449016e-02  -5.0981530e-02
   2.0000000e+00   2.1853472e-01   1.0608539e+00   5.4971267e-01  -7.6982073e-03  -2.1391036e+00   1.1940228e+00  -8.4464805e-01   8.7814688e-01   7.0180306e-01   7.1900900e-01
   2.0000000e+00   8.7616348e-01  -1.2273375e-01   2.8858529e-01   2.4415436e-01   1.3920969e+00  -2.2508930e-01  -6.6746653e-01  -2.2491126e-02   5.8635068e-01  -2.5568940e+00
   2.0000000e+00   2.0715282e+00   3.2533762e-01  -1.4994923e+00  -7.3663612e-01   1.0520983e+00  -1.6551957e+00  -1.3715447e+00  -1.4354034e+00   2.9356579e-01  -1.6384818e-01
   1.0000000e+00  -1.4115138e+00   9.0506145e-01  -5.2414593e-01   1.2590208e+00  -3.4923882e-01   6.3612348e-01   5.0802981e-03   5.3876070e-01  -5.0409477e-01   6.6176738e-01
